Unique Name	Descriptor	Wide Peak Limits	Peak Limits	Region Limits	q values	Residual q values after removing segments shared with higher peaks	Broad or Focal	Amplitude Threshold	AA_1	AA_2	AA_4	AA_5	AA_6	AA_7	AA_8	AA_9	AMG_1	AMG_2	AO_1	AO_2	AO_3	AO_4	AO_5	AO_6	AO_7	LGMO_1	primary_GBM_10	primary_GBM_101	primary_GBM_103	primary_GBM_104	primary_GBM_106	primary_GBM_107	primary_GBM_11	primary_GBM_12	primary_GBM_14	primary_GBM_15	primary_GBM_17	primary_GBM_2	primary_GBM_22	primary_GBM_23	primary_GBM_24	primary_GBM_25	primary_GBM_26	primary_GBM_28	primary_GBM_29	primary_GBM_32	primary_GBM_33	primary_GBM_35	primary_GBM_36	primary_GBM_37	primary_GBM_38	primary_GBM_39	primary_GBM_4	primary_GBM_40	primary_GBM_42	primary_GBM_43	primary_GBM_44	primary_GBM_47	primary_GBM_48	primary_GBM_49	primary_GBM_50	primary_GBM_51	primary_GBM_53	primary_GBM_54	primary_GBM_55	primary_GBM_56	primary_GBM_59	primary_GBM_6	primary_GBM_60	primary_GBM_62	primary_GBM_63	primary_GBM_64	primary_GBM_66	primary_GBM_67	primary_GBM_68	primary_GBM_7	primary_GBM_70	primary_GBM_71	primary_GBM_72	primary_GBM_73	primary_GBM_74	primary_GBM_75	primary_GBM_79	primary_GBM_8	primary_GBM_80	primary_GBM_81	primary_GBM_82	primary_GBM_83	primary_GBM_84	primary_GBM_85	primary_GBM_86	primary_GBM_87	primary_GBM_88	primary_GBM_89	primary_GBM_9	primary_GBM_90	primary_GBM_91	primary_GBM_92	primary_GBM_95	primary_GBM_98	primary_GBM_99	secondary_GBM_1	secondary_GBM_10	secondary_GBM_12	secondary_GBM_13	secondary_GBM_14	secondary_GBM_2	secondary_GBM_3	secondary_GBM_4	secondary_GBM_5	secondary_GBM_6	secondary_GBM_8	secondary_GBM_9	
Amplification Peak  1	1q32.1  	chr1:201511510-201914639(probes 6761:6769)    	chr1:201512199-201894643(probes 6762:6768)    	chr1:200873270-201948767(probes 6738:6771)    	5.1639e-07	 5.1639e-07		0: t<0.1; 1: 0.1<t< 0.9; 2: t>0.9	0	1	0	0	0	0	0	1	0	0	0	1	0	0	0	0	0	0	0	0	2	0	0	0	2	0	0	1	1	0	1	0	1	1	1	0	0	0	0	2	0	1	0	1	0	0	0	0	1	0	1	0	0	1	0	1	1	2	0	1	0	0	0	0	0	0	0	0	0	0	0	0	1	0	0	0	0	0	0	1	0	0	0	2	0	1	0	0	0	0	1	0	0	0	0	0	1	1	1	1	1	1	1	1	0	
Amplification Peak  2	2p24.3  	chr2:15829031-16663293(probes 8948:8976)        	chr2:15830675-16633400(probes 8949:8975)        	chr2:15830675-18302708(probes 8949:9065)        	0.059471	   0.059471		0: t<0.1; 1: 0.1<t< 0.9; 2: t>0.9	0	1	0	0	0	0	0	1	0	0	1	1	0	0	1	0	0	0	0	1	0	0	0	0	1	0	0	1	0	0	0	0	1	0	0	0	0	0	0	0	0	0	1	0	0	0	0	0	0	0	1	0	0	0	0	0	0	0	0	0	0	0	1	1	0	0	0	1	1	0	0	0	1	0	0	1	1	0	0	1	0	0	0	1	2	1	0	0	0	0	1	1	0	0	0	2	1	1	1	0	1	0	1	0	0	
Amplification Peak  3	3q26.33 	chr3:181239896-181470958(probes 23773:23780)  	chr3:181261928-181468804(probes 23774:23779)  	chr3:181261928-181502936(probes 23774:23782)  	0.060518	   0.060518		0: t<0.1; 1: 0.1<t< 0.9; 2: t>0.9	0	0	1	0	0	0	0	0	0	0	0	1	0	0	1	0	0	0	0	0	0	0	0	0	0	0	0	1	0	0	0	2	0	0	0	0	0	0	0	0	0	1	0	0	0	0	0	0	0	0	1	0	1	1	0	1	1	0	0	2	0	0	0	1	0	0	1	0	1	0	0	0	1	0	0	0	1	0	0	1	0	0	0	1	0	1	0	1	0	0	1	1	1	0	1	1	1	1	0	0	2	0	1	0	0	
Amplification Peak  4	4q12    	chr4:54591095-55217249(probes 26104:26116)      	chr4:54603039-55203560(probes 26105:26115)      	chr4:48833938-59291123(probes 26031:26269)      	1.5028e-17	 1.5028e-17		0: t<0.1; 1: 0.1<t< 0.9; 2: t>0.9	0	1	1	0	1	0	0	1	1	0	1	1	0	0	0	0	0	0	0	1	0	0	2	1	0	0	0	0	0	0	0	2	1	1	0	2	0	0	0	0	0	0	0	0	0	0	0	0	0	0	2	0	0	0	0	2	1	2	2	2	0	0	0	0	0	0	0	0	1	0	0	0	1	0	0	0	0	0	0	0	0	0	0	1	2	1	0	0	0	0	1	1	0	0	1	0	2	1	1	0	1	0	0	0	1	
Amplification Peak  5	6p21.1  	chr6:42618663-43350861(probes 41173:41179)      	chr6:42664817-43203014(probes 41174:41178)      	chr6:42664817-43700259(probes 41174:41181)      	0.042161	   0.042161		0: t<0.1; 1: 0.1<t< 0.9; 2: t>0.9	0	0	1	0	0	0	0	1	2	0	0	0	0	0	0	0	0	0	0	0	0	0	0	0	0	0	2	0	0	0	0	0	0	0	0	0	0	0	0	1	0	0	1	0	0	0	0	1	0	0	0	0	0	0	0	0	0	0	0	0	0	0	0	0	0	0	0	0	0	0	0	0	0	0	0	0	0	0	0	1	0	0	0	1	0	1	0	0	0	0	1	0	0	0	1	0	1	0	0	0	0	0	1	0	0	
Amplification Peak  6	7p11.2  	chr7:54701111-54836945(probes 49321:49327)      	chr7:54709753-54776848(probes 49322:49326)      	chr7:51311168-56438806(probes 49129:49360)      	2.0912e-50	 2.0912e-50		0: t<0.1; 1: 0.1<t< 0.9; 2: t>0.9	0	1	1	0	0	2	0	0	1	1	1	1	0	0	1	0	0	0	2	1	2	2	0	1	1	0	2	2	1	2	2	1	1	1	2	1	1	1	1	1	1	0	2	1	1	2	2	0	2	2	1	2	1	1	2	1	1	0	1	1	0	0	2	0	1	2	0	1	1	1	1	1	1	2	1	0	1	2	2	1	2	1	2	2	1	1	1	2	2	0	1	1	2	0	1	0	1	1	1	1	1	1	1	1	1	
Amplification Peak  7	7q31.2  	chr7:115813600-116971978(probes 51368:51422)  	chr7:115842622-116895488(probes 51369:51421)  	chr7:86266385-158545518(probes 50196:52860)    	2.5611e-06	 2.5611e-06		0: t<0.1; 1: 0.1<t< 0.9; 2: t>0.9	0	1	1	0	0	1	1	1	1	1	1	2	0	0	0	0	1	0	0	0	1	1	2	1	1	0	2	0	1	1	1	1	1	1	2	1	1	1	1	1	1	0	0	1	1	1	1	2	1	2	2	1	1	1	1	1	1	0	1	1	0	0	1	1	1	1	1	1	1	1	1	0	1	1	1	1	2	1	1	1	1	1	1	1	1	1	1	1	1	0	1	1	1	0	2	1	1	1	1	1	1	1	1	1	1	
Amplification Peak  8	8q24.12 	chr8:94366868-146308819(probes 56564:58705)    	chr8:121997366-122018739(probes 57813:57819)  	chr8:98344024-146308819(probes 56724:58705)    	0.05552	    0.05552		0: t<0.1; 1: 0.1<t< 0.9; 2: t>0.9	0	0	1	0	1	0	1	1	0	0	0	2	0	0	0	0	0	1	0	0	0	0	1	0	0	1	1	0	0	0	0	0	1	0	0	0	0	2	0	0	0	0	1	0	0	0	0	0	1	0	1	0	1	1	0	0	1	1	0	0	0	0	0	0	0	0	0	0	1	0	0	0	1	0	0	0	0	0	0	1	0	0	0	1	0	1	0	0	0	0	0	1	0	1	1	0	1	1	2	0	1	0	1	2	0	
Amplification Peak  9	12p13.32	chr12:3410785-5549725(probes 72798:72918)        	chr12:3461851-5105591(probes 72799:72893)        	chr12:1-9899163(probes 72717:72974)                	0.00065464	  0.0010749		0: t<0.1; 1: 0.1<t< 0.9; 2: t>0.9	1	1	1	1	0	0	0	0	2	0	0	1	0	0	0	0	0	2	0	0	0	0	2	0	0	1	0	0	0	0	0	1	0	1	0	0	0	1	0	0	0	0	1	1	0	0	0	0	1	0	0	0	0	0	0	1	0	0	0	1	0	0	0	0	0	0	0	0	0	0	0	0	1	0	0	0	0	0	0	1	0	0	0	1	0	1	0	0	0	0	1	1	0	0	1	0	1	0	0	0	2	0	1	2	1	
Amplification Peak 10	12p12.1 	chr12:25105888-25537445(probes 73607:73632)    	chr12:25105914-25254043(probes 73608:73610)    	chr12:16577658-26738237(probes 73249:73706)    	0.026189	    0.05663		0: t<0.1; 1: 0.1<t< 0.9; 2: t>0.9	1	1	1	1	0	2	0	0	0	0	0	1	0	0	0	0	0	1	0	0	0	0	1	0	0	1	0	0	0	0	0	0	0	1	0	0	0	1	0	0	0	0	1	0	0	0	0	0	1	0	0	0	0	0	0	1	0	0	0	0	0	0	0	0	0	0	0	0	0	0	0	0	1	0	0	0	0	0	0	1	0	0	0	1	0	1	0	0	0	0	1	1	0	0	1	1	1	0	1	0	1	0	1	2	0	
Amplification Peak 11	12q14.1 	chr12:57214649-57283458(probes 74697:74712)    	chr12:57214880-57271995(probes 74698:74711)    	chr12:55820738-58049876(probes 74638:74732)    	0.010796	    0.02647		0: t<0.1; 1: 0.1<t< 0.9; 2: t>0.9	0	0	0	0	0	0	0	1	0	0	0	1	0	0	0	0	0	0	0	0	0	0	0	0	0	0	0	0	0	0	1	0	0	1	0	0	0	0	0	0	0	0	1	0	0	0	0	0	1	0	0	0	1	0	0	1	0	0	2	0	0	0	0	0	0	0	0	0	0	0	0	0	1	0	0	0	0	0	0	1	0	0	0	1	0	2	0	0	0	0	2	1	0	0	1	0	1	0	1	0	1	0	1	0	1	
Amplification Peak 12	12q14.3 	chr12:65150559-65279471(probes 74987:74989)    	chr12:65152027-65279428(probes 74988:74988)    	chr12:64930379-65398538(probes 74979:74997)    	0.017038	   0.059471		0: t<0.1; 1: 0.1<t< 0.9; 2: t>0.9	0	0	0	0	0	0	0	1	0	0	0	1	0	0	0	0	0	0	0	0	0	0	0	0	0	0	0	0	0	0	0	2	0	1	0	0	0	0	0	0	0	0	1	0	0	0	0	0	1	0	2	0	2	0	0	1	0	0	0	0	0	0	0	0	0	0	0	0	0	0	0	0	1	0	0	0	0	0	0	1	0	0	0	1	0	1	0	0	0	0	1	1	0	0	1	0	1	0	1	0	1	0	1	0	1	
Amplification Peak 13	12q14.3 	chr12:65959920-66081139(probes 75052:75057)    	chr12:65960172-66072693(probes 75053:75056)    	chr12:65791499-66195832(probes 75039:75071)    	0.016079	   0.059428		0: t<0.1; 1: 0.1<t< 0.9; 2: t>0.9	0	0	0	0	0	0	0	1	0	0	0	1	0	0	0	0	0	0	0	0	0	0	0	0	0	0	0	0	0	0	0	0	0	1	0	0	0	0	0	0	0	0	1	0	0	0	0	0	1	0	2	0	2	0	0	1	0	0	0	0	0	0	0	0	0	0	0	0	0	0	0	0	1	0	0	0	0	0	0	1	0	0	0	1	0	1	0	2	0	0	1	1	0	0	1	0	1	0	1	0	1	0	1	0	1	
Amplification Peak 14	12q15   	chr12:67295984-67693597(probes 75148:75155)    	chr12:67370394-67626635(probes 75149:75154)    	chr12:67370394-68258647(probes 75149:75176)    	7.1396e-06	 2.4479e-05		0: t<0.1; 1: 0.1<t< 0.9; 2: t>0.9	0	0	0	0	0	0	0	1	0	0	0	1	0	0	0	0	0	0	0	0	0	0	0	0	0	0	0	0	0	0	0	2	0	1	0	0	0	0	0	0	0	0	1	2	0	0	0	0	1	0	2	0	2	0	0	1	0	0	0	0	0	0	0	0	0	0	0	0	0	0	0	0	1	0	0	0	0	0	0	1	0	0	0	1	0	1	0	2	0	0	1	1	0	0	1	0	1	0	1	0	1	0	1	0	0	
Amplification Peak 15	13q34   	chr13:106981425-108944377(probes 82207:82227)	chr13:106981786-108889413(probes 82208:82226)	chr13:106981786-109159217(probes 82208:82229)	0.16521	    0.16521		0: t<0.1; 1: 0.1<t< 0.9; 2: t>0.9	0	0	0	0	0	0	0	1	0	0	0	0	0	0	0	0	0	0	0	1	0	0	1	0	1	0	0	0	0	0	0	0	0	0	0	0	1	1	0	2	0	0	0	0	0	0	0	0	0	0	0	0	0	0	0	0	0	0	0	0	1	0	0	1	0	0	0	0	0	0	0	0	0	0	1	0	0	0	0	0	0	0	0	0	0	0	0	0	0	1	0	0	0	0	0	0	0	1	1	0	2	0	1	0	1	
Amplification Peak 16	14q21.2 	chr14:42208323-42658987(probes 83396:83411)    	chr14:42209752-42641665(probes 83397:83410)    	chr14:42209752-42687824(probes 83397:83413)    	0.22254	    0.22254		0: t<0.1; 1: 0.1<t< 0.9; 2: t>0.9	0	0	0	0	0	0	1	0	0	0	0	1	0	0	0	0	1	0	0	0	0	0	0	1	1	1	0	1	0	0	0	0	0	0	0	0	0	0	0	0	0	0	0	0	0	0	0	0	1	0	0	0	0	0	0	1	0	0	0	0	0	0	0	1	0	0	0	0	0	0	0	0	0	0	0	0	0	0	0	0	0	0	0	1	0	0	0	2	1	0	1	0	0	0	0	0	0	0	1	0	1	0	1	0	0	
Amplification Peak 17	17q21.33	chr17:49072814-49773931(probes 91677:91689)    	chr17:49072918-49743564(probes 91678:91688)    	chr17:46886139-64804659(probes 91660:92161)    	0.052746	    0.24467		0: t<0.1; 1: 0.1<t< 0.9; 2: t>0.9	0	0	0	0	0	0	0	0	0	0	0	2	0	0	0	0	0	0	0	0	1	0	0	0	0	0	0	1	0	0	0	0	1	1	0	0	0	0	0	1	0	0	0	0	0	0	0	2	0	0	2	0	1	0	0	0	1	0	0	0	0	0	0	0	0	0	0	0	0	0	0	0	1	0	0	1	0	0	0	0	0	0	0	1	0	1	0	0	0	0	1	1	1	0	1	0	0	0	0	0	1	0	1	1	0	
Amplification Peak 18	17q22   	chr17:52931186-53337958(probes 91855:91877)    	chr17:52999260-53319987(probes 91856:91876)    	chr17:46886139-64804659(probes 91660:92161)    	0.014484	   0.061917		0: t<0.1; 1: 0.1<t< 0.9; 2: t>0.9	0	0	0	0	0	0	0	0	0	0	0	2	0	0	0	0	0	0	0	0	1	0	0	0	0	0	0	1	0	0	0	0	1	1	0	0	0	0	0	1	0	0	0	0	0	0	0	2	0	0	2	0	1	0	0	0	1	0	0	0	0	0	0	0	0	0	0	0	0	0	0	0	1	0	0	1	0	0	0	0	0	0	0	1	0	1	0	0	0	0	1	1	1	0	0	0	0	0	0	0	1	0	1	1	1	
Deletion Peak  1	1p36.31 	chr1:3596480-6442113(probes 24:85)                	chr1:5716993-6085767(probes 81:83)                	chr1:1-16000430(probes 1:224)                   	2.0107e-07	 2.0107e-07		0: t>-0.1; 1: -0.1>t> -1.3; 2: t< -1.3	0	0	0	0	0	0	0	1	0	1	0	1	0	1	1	1	0	0	1	0	0	0	1	1	1	1	1	1	0	1	0	0	0	1	0	0	0	0	0	0	0	0	1	0	0	1	1	1	1	1	1	0	0	0	0	0	0	0	0	0	0	0	0	0	1	1	1	1	1	0	0	0	0	0	0	1	0	0	0	0	1	0	0	1	1	0	1	1	0	0	1	0	0	1	1	0	0	0	0	0	0	1	1	0	1	
Deletion Peak  2	3q28    	chr3:191668437-194295640(probes 24123:24194)  	chr3:192219483-192610363(probes 24144:24145)  	chr3:192247054-192654625(probes 24145:24146)	0.21092	    0.21092		0: t>-0.1; 1: -0.1>t> -1.3; 2: t< -1.3	1	0	0	0	0	0	0	0	1	0	0	0	1	0	0	0	0	1	0	0	1	0	1	0	0	0	0	0	0	0	0	0	0	1	0	0	0	0	0	0	0	0	0	0	0	0	0	0	0	0	0	0	0	0	0	0	0	0	0	0	1	0	1	0	1	0	1	0	0	0	0	0	0	0	0	0	0	0	0	0	0	0	0	0	1	0	0	0	0	0	0	0	0	0	0	0	0	0	1	0	0	0	0	0	0	
Deletion Peak  3	4q35.2  	chr4:114003986-191731959(probes 28789:31851)  	chr4:187710980-188234022(probes 31797:31798)  	chr4:177930986-191731959(probes 31302:31851)	0.057158	   0.057158		0: t>-0.1; 1: -0.1>t> -1.3; 2: t< -1.3	0	0	1	1	0	0	0	0	0	0	0	0	0	0	0	0	1	0	0	1	0	0	1	1	0	0	0	0	0	0	0	0	0	0	0	0	0	1	0	0	0	0	1	0	0	0	0	1	1	0	1	0	0	1	0	1	0	0	0	0	0	0	0	1	0	0	0	0	0	0	0	0	1	0	0	0	0	0	0	0	0	0	0	0	0	0	0	0	0	0	1	0	0	0	1	0	0	0	1	0	0	0	1	1	0	
Deletion Peak  4	6q24.3  	chr6:110808397-170914576(probes 44166:46759)  	chr6:147777792-147882071(probes 45897:45904)  	chr6:110899057-170914576(probes 44169:46759)	0.0034928	  0.0034661		0: t>-0.1; 1: -0.1>t> -1.3; 2: t< -1.3	0	0	0	0	0	0	0	1	0	0	0	1	1	0	0	0	0	0	0	0	0	1	0	0	0	0	0	0	0	1	0	0	1	1	0	0	0	0	0	0	0	0	1	1	0	0	0	0	1	1	0	0	0	1	1	0	0	0	0	0	1	1	1	0	0	0	1	1	1	0	0	0	1	0	0	0	0	0	0	1	0	0	1	0	0	1	1	0	0	0	1	1	0	0	1	0	0	0	0	0	1	0	0	1	0	
Deletion Peak  5	9p24.3  	chr9:1-2752720(probes 58706:58839)                 	chr9:508676-1022152(probes 58716:58734)             	chr9:1-34355356(probes 58706:60567)             	4.7823e-10	  0.0023661		0: t>-0.1; 1: -0.1>t> -1.3; 2: t< -1.3	0	0	0	1	0	1	1	1	1	0	1	1	1	0	1	0	0	1	0	0	0	1	1	0	0	1	0	0	0	1	0	0	0	1	0	0	1	1	0	0	0	0	1	0	0	0	0	0	0	1	0	0	0	1	1	0	1	0	0	0	0	1	0	0	1	1	1	1	1	1	0	1	1	0	0	1	0	0	0	1	1	1	0	1	0	1	0	1	1	0	1	1	1	0	1	1	0	0	1	0	0	1	1	1	1	
Deletion Peak  6	9p21.3  	chr9:21456646-21971582(probes 59843:59869)      	chr9:21791079-21971582(probes 59866:59869)      	chr9:1-34355356(probes 58706:60567)             	1.1541e-98	 9.9348e-97		0: t>-0.1; 1: -0.1>t> -1.3; 2: t< -1.3	0	0	0	1	0	1	0	1	1	0	1	1	1	0	1	0	0	1	1	0	0	1	1	0	0	1	1	1	0	1	0	1	0	0	1	0	1	1	0	0	1	0	1	0	1	0	1	1	0	1	1	1	1	1	1	1	1	0	0	1	0	1	1	0	1	1	0	1	1	1	0	1	1	1	1	1	1	1	1	1	1	1	1	1	1	1	1	1	0	1	1	1	1	0	1	1	1	1	1	0	1	1	1	1	1	
Deletion Peak  7	10q23.31	chr10:89104579-89705918(probes 66291:66319)    	chr10:89183954-89422525(probes 66292:66296)    	chr10:81746918-135037215(probes 65958:68080)	1.3757e-09	 0.00032146		0: t>-0.1; 1: -0.1>t> -1.3; 2: t< -1.3	0	1	0	0	0	1	0	0	1	0	1	1	0	0	0	0	0	0	1	1	1	1	1	1	1	0	1	1	0	1	1	1	1	1	1	1	1	0	1	1	1	0	1	1	1	1	1	0	1	1	1	1	0	1	1	1	1	1	1	1	0	0	1	1	1	1	1	1	1	1	1	1	1	1	0	1	1	1	1	1	1	1	1	1	1	1	1	1	1	1	0	1	1	0	1	1	0	1	1	0	0	0	1	0	1	
Deletion Peak  8	10q23.31	chr10:90098989-90416488(probes 66344:66377)    	chr10:90243117-90416488(probes 66368:66377)    	chr10:81746918-135037215(probes 65958:68080)	1.9691e-08	   0.028069		0: t>-0.1; 1: -0.1>t> -1.3; 2: t< -1.3	0	1	0	0	0	1	0	0	1	0	1	1	0	0	0	0	0	0	1	1	1	1	1	1	1	0	1	1	0	1	1	1	1	1	1	1	1	0	1	1	1	0	1	1	1	1	1	0	1	1	1	1	0	1	1	1	1	1	1	1	0	0	1	1	1	1	1	1	1	1	1	1	1	1	0	1	1	1	1	1	1	1	1	1	1	1	1	1	1	1	0	1	1	0	1	1	0	1	1	0	0	0	1	0	1	
Deletion Peak  9	10q26.13	chr10:123995679-124282917(probes 67856:67869)	chr10:124113412-124282917(probes 67867:67869)	chr10:81746918-135037215(probes 65958:68080)	8.4461e-05	  0.0060084		0: t>-0.1; 1: -0.1>t> -1.3; 2: t< -1.3	0	1	0	0	0	1	0	1	1	0	1	1	0	0	0	0	0	0	1	1	1	1	1	1	1	0	1	1	0	1	1	1	1	1	1	1	1	0	1	1	1	0	1	1	1	1	1	0	1	1	1	1	0	1	1	1	1	1	1	1	0	0	1	1	1	1	1	1	1	1	1	1	1	1	0	0	1	1	1	1	1	1	1	1	1	1	1	1	1	1	1	1	1	0	1	1	0	1	1	1	0	0	1	0	1	
Deletion Peak 10	11p15.4 	chr11:1-12290873(probes 68081:68358)            	chr11:8226711-10672797(probes 68268:68311)      	chr11:1-12249398(probes 68081:68355)          	0.12438	    0.12154		0: t>-0.1; 1: -0.1>t> -1.3; 2: t< -1.3	0	0	0	0	1	0	0	0	1	0	0	0	0	0	0	0	1	1	0	0	0	0	1	0	0	0	0	1	0	0	1	0	1	0	0	0	0	0	0	1	0	0	0	1	0	0	0	0	0	0	1	0	0	1	0	1	1	0	0	1	0	0	0	0	0	0	0	0	0	0	0	0	0	0	0	1	0	0	0	1	0	0	0	0	0	0	0	0	0	0	1	0	0	0	0	1	1	0	1	1	1	1	0	1	1	
Deletion Peak 11	12p13.2 	chr12:10053264-14989798(probes 72996:73199)    	chr12:10741851-13091856(probes 73033:73105)    	chr12:10755472-11619603(probes 73035:73036)  	0.22915	    0.22924		0: t>-0.1; 1: -0.1>t> -1.3; 2: t< -1.3	0	0	0	0	0	1	0	1	0	0	0	0	0	0	0	0	0	0	0	0	0	0	1	0	0	0	0	1	1	0	0	1	0	0	0	1	0	0	0	0	0	0	0	0	0	0	0	0	0	0	0	0	1	1	0	1	1	0	0	0	0	0	0	0	0	0	0	0	0	0	0	0	0	0	0	0	0	0	0	0	0	0	0	0	0	0	0	0	0	1	0	0	0	0	0	0	0	0	1	0	0	0	0	1	0	
Deletion Peak 12	13q14.2 	chr13:46717642-46868174(probes 79110:79112)    	chr13:46717754-46868174(probes 79111:79112)    	chr13:27483730-99658273(probes 77983:81597)  	1.3757e-09	 1.3757e-09		0: t>-0.1; 1: -0.1>t> -1.3; 2: t< -1.3	0	1	0	0	0	0	0	0	1	0	0	0	0	0	1	0	0	1	0	1	0	1	1	1	1	0	0	0	0	0	1	1	1	0	0	0	1	1	0	1	1	0	1	1	0	0	0	1	1	0	1	0	0	1	0	1	0	1	0	0	1	0	0	1	0	1	0	1	1	1	0	0	1	1	1	0	1	0	0	0	1	0	0	1	0	1	0	0	0	0	1	1	1	0	1	0	1	1	1	1	1	0	1	1	0	
Deletion Peak 13	14q24.3 	chr14:55083539-86424597(probes 84007:85443)    	chr14:75503933-76290354(probes 84827:84836)    	chr14:52597801-105311216(probes 83872:85919)	0.00072832	 0.00068872		0: t>-0.1; 1: -0.1>t> -1.3; 2: t< -1.3	1	1	0	0	1	0	1	1	0	1	0	0	0	0	0	0	1	0	0	0	1	0	1	0	0	1	0	0	0	0	0	0	1	1	1	0	0	0	1	0	0	0	0	0	0	0	0	0	0	1	1	0	1	1	0	1	0	1	0	1	0	1	0	1	0	0	1	1	1	0	0	0	1	0	1	1	0	0	0	1	0	0	0	0	0	1	0	0	0	0	1	1	0	1	1	0	1	1	0	1	1	0	0	0	1	
Deletion Peak 14	15q21.2 	chr15:27817296-57116954(probes 86057:87469)    	chr15:50445127-50649317(probes 87005:87008)    	chr15:49543390-55049264(probes 86962:87318)  	0.062976	   0.063954		0: t>-0.1; 1: -0.1>t> -1.3; 2: t< -1.3	0	0	0	0	0	0	0	0	1	0	0	0	0	0	0	0	0	0	0	0	1	0	0	1	1	1	0	1	1	0	1	0	0	0	0	0	0	0	0	0	1	0	0	0	0	0	0	0	0	0	1	0	0	1	0	1	1	0	0	0	0	0	0	0	0	0	0	0	0	0	0	0	0	0	0	0	0	0	1	0	0	0	0	0	1	1	0	0	0	0	0	0	0	0	1	0	0	1	0	0	1	1	0	0	0	
Deletion Peak 15	19q13.41	chr19:47046785-63811651(probes 96144:96315)    	chr19:55922303-57561089(probes 96237:96253)    	chr19:46822617-63811651(probes 96139:96315)  	0.01555	   0.015771		0: t>-0.1; 1: -0.1>t> -1.3; 2: t< -1.3	1	1	0	1	0	0	0	1	1	1	0	1	0	1	1	1	1	0	0	0	0	0	0	0	1	1	0	1	1	0	1	0	0	0	1	0	0	0	0	0	0	0	0	0	0	0	0	1	0	0	0	0	1	0	0	0	1	0	0	0	0	1	0	0	0	0	1	0	0	0	0	0	0	0	0	0	0	1	0	1	1	1	0	0	1	0	0	0	0	1	1	0	0	1	1	0	0	0	0	1	1	1	1	1	0	
Deletion Peak 16	22q13.31	chr22:39207428-49396972(probes 100395:100561)  	chr22:46077006-46293625(probes 100495:100496)  	chr22:33737323-49396972(probes 100316:100561)	0.012431	   0.012431		0: t>-0.1; 1: -0.1>t> -1.3; 2: t< -1.3	0	1	0	0	0	0	0	0	0	0	0	0	0	0	0	0	0	1	0	1	1	1	1	0	0	0	0	0	1	0	1	0	1	1	1	0	1	0	0	0	0	0	1	0	1	0	0	1	1	0	0	0	0	1	0	0	0	0	0	0	1	0	0	0	0	1	1	1	1	0	1	1	1	0	0	0	0	1	0	1	1	0	0	1	1	1	0	1	0	0	1	0	1	0	0	1	0	0	1	0	0	1	0	0	0	
Amplification Peak  1 - CN values	1q32.1  	chr1:201511510-201914639(probes 6761:6769)    	chr1:201512199-201894643(probes 6762:6768)    	chr1:200873270-201948767(probes 6738:6771)    	5.1639e-07	 5.1639e-07		Actual Copy Change Given	0.090659	0.14602	-0.35888	0.025046	0.015736	0.023789	-0.010231	0.29966	0.084408	0.032838	-0.052001	0.1204	0.047004	0.044381	0.08679	0.0092586	0.047424	0.057948	0.01311	0.042571	3.6569	-0.046381	-0.055715	0.059656	3.6569	-0.043486	-0.041175	0.21591	0.29748	0.057547	0.52458	0.011211	0.58036	0.12532	0.17442	0.052523	0.038054	-0.046263	0.036164	3.3034	0.054676	0.29936	0.031886	0.61741	-0.0091925	-0.01834	0.0025505	0.010421	0.10396	0.013228	0.24669	-0.034448	-0.17249	0.53784	0.056623	0.14314	0.19027	3.6569	0.0061211	0.10435	-0.0032068	0.065856	0.010868	0.082805	0.044953	0.061181	0.025202	0.078968	0.092163	0.045913	0.014918	0.036925	0.161	0.046818	-0.048862	0.020445	-0.0052413	0.0059962	0.0041046	0.12073	-0.031272	0.0097585	0.010407	3.6569	0.03006	0.15581	0.061299	0.069057	-0.018605	0.04557	0.21711	0.089219	0.026473	0.054438	-0.051415	-0.1104	0.12641	0.11839	0.1266	0.11806	0.18567	0.4404	0.23995	0.11598	0.048282	
Amplification Peak  2 - CN values	2p24.3  	chr2:15829031-16663293(probes 8948:8976)        	chr2:15830675-16633400(probes 8949:8975)        	chr2:15830675-18302708(probes 8949:9065)        	0.059471	   0.059471		Actual Copy Change Given	0.0085808	0.2731	-0.0069957	0.029257	0.070008	0.021528	-0.0092456	0.32933	-0.04083	0.058618	0.61339	0.16676	-0.032659	0.035092	0.10535	0.037489	0.034788	0.031094	0.033826	0.3147	0.0032379	0.0086529	-0.043844	-0.046578	0.11215	0.011717	-0.014495	0.38029	-0.020273	0.0074063	0.022358	0.062272	0.1362	-0.54865	0.036397	0.062496	0.018204	-0.036261	0.035932	-0.13184	0.039079	-0.030374	0.15084	0.072841	0.0054232	-0.012181	0.032101	0.048776	0.072467	0.053755	0.24561	-9.2838e-05	-0.22787	-0.030448	0.065757	0.013039	0.034881	0.094664	-0.0057155	0.073897	-0.01601	0.095754	0.12175	0.13551	0.0038956	0.077189	0.053699	0.1097	0.10306	0.026918	0.018331	0.020501	0.18636	0.050005	0.016634	0.24824	0.53158	0.02046	0.0037977	0.12663	0.0090798	0.01276	0.01646	0.11912	1.7557	0.16046	0.028256	0.032311	-0.049518	0.073101	0.7284	0.1126	0.032561	0.049508	0.099688	3.1568	0.74312	0.15931	0.15216	0.09288	0.26141	0.0323	0.21347	0.088854	0.029911	
Amplification Peak  3 - CN values	3q26.33 	chr3:181239896-181470958(probes 23773:23780)  	chr3:181261928-181468804(probes 23774:23779)  	chr3:181261928-181502936(probes 23774:23782)  	0.060518	   0.060518		Actual Copy Change Given	-0.13324	-0.095084	0.26898	0.050625	0.035286	0.027692	-0.041064	-0.059554	0.031896	0.07079	-0.044792	0.13446	0.048686	0.062644	0.10846	0.028709	0.046712	0.040049	0.076829	0.071396	-0.29335	-0.012501	-0.16231	0.07628	0.097138	-0.044569	0.0096396	0.30644	-0.057125	0.041763	0.061994	1.2424	0.0096308	0.069733	0.051258	0.037999	0.025145	-0.0046621	-0.0038474	-0.0080654	0.055085	0.45088	0.062178	-0.049004	-0.0046308	-0.034529	-0.00084459	0.030194	0.097258	0.035512	0.83126	-0.035994	0.20453	0.60998	0.044624	0.29687	0.2664	0.096058	-0.015632	2.6203	-0.027775	0.061596	0.019957	0.19131	0.032584	0.061039	0.25969	0.082817	0.10282	0.052214	0.0014908	0.056248	0.17559	0.054052	-0.020271	0.065525	0.49326	0.028779	0.0034838	0.11536	0.017903	0.012955	0.02935	0.12481	0.040441	0.16732	0.044335	0.40649	-0.08843	0.080677	0.20309	0.12529	0.46277	0.041847	0.20474	0.20396	0.11274	0.77396	-0.16543	0.092107	1.2218	0.042865	0.22931	0.08945	0.028418	
Amplification Peak  4 - CN values	4q12    	chr4:54591095-55217249(probes 26104:26116)      	chr4:54603039-55203560(probes 26105:26115)      	chr4:48833938-59291123(probes 26031:26269)      	1.5028e-17	 1.5028e-17		Actual Copy Change Given	0.012711	0.18301	0.76768	0.020133	0.41262	-0.011389	-0.017801	0.32223	0.11982	-0.038574	0.58016	0.12261	0.043396	0.022377	-0.095429	0.082547	0.016408	0.0017519	-0.0077882	0.47362	0.034454	0.067035	2.1584	0.57107	0.051448	-0.047508	-0.031647	-0.060322	-0.071563	0.049648	-0.020439	3.6569	0.15785	0.47996	-0.056302	0.97656	0.048258	-0.016238	-0.024903	-0.031985	0.068395	-0.017582	0.047795	-0.089047	-0.047367	-0.016985	-0.013719	0.0005866	-0.35604	0.030144	3.6569	-0.06617	-0.19281	-0.16553	0.019945	3.6569	0.17572	3.6569	3.6569	3.6349	-0.02768	0.071554	0.0084921	0.022975	0.047761	0.07179	0.047022	0.077885	0.12179	0.039238	-0.01586	0.046479	0.17621	0.056474	-0.0785	0.032041	-0.0050912	0.023687	-0.05409	0.088122	0.05307	0.037109	0.044937	0.13392	3.6569	0.15229	-0.013967	0.042709	0.068838	0.088076	0.38164	0.16463	0.062138	0.036687	0.24716	-0.0071233	2.4697	0.10133	0.14352	0.043936	0.13111	0.014371	-0.64782	-0.37367	0.75036	
Amplification Peak  5 - CN values	6p21.1  	chr6:42618663-43350861(probes 41173:41179)      	chr6:42664817-43203014(probes 41174:41178)      	chr6:42664817-43700259(probes 41174:41181)      	0.042161	   0.042161		Actual Copy Change Given	-0.031566	0.061784	0.1161	0.0067298	0.051045	0.026426	-0.014754	0.37804	3.6569	-0.021135	-0.084882	-0.15451	-0.02207	0.0056208	0.067722	0.055788	0.024076	0.0013251	-0.0051546	0.079061	-0.10168	-0.027097	-0.16709	-0.011904	0.072907	0.034899	3.6569	0.061857	-0.044466	0.037251	0.005165	0.028879	-0.34102	-0.58545	0.0072477	0.040325	0.011897	0.00030975	0.084174	0.26028	0.054661	-0.028353	0.45385	-0.20541	0.00046856	-0.015677	0.035781	0.57648	-0.39841	0.056475	-0.16189	-0.016359	-0.11356	-0.21538	0.021495	0.0015877	-0.51635	0.088189	0.014232	0.096962	0.016638	0.051127	0.013692	0.0059894	0.040365	0.077331	-0.019571	-0.227	0.045356	0.049375	0.020682	-0.034025	-0.41321	0.050029	0.06424	0.015355	-0.0045696	0.052105	0.009907	0.12187	0.059076	0.034202	0.007398	0.13273	-0.023399	0.13296	-0.016075	0.048079	0.025713	0.040865	0.25292	0.038768	-0.043548	0.030361	0.17674	0.076734	0.28532	0.071881	0.070623	0.047978	-0.66135	0.046006	0.24287	-0.36809	0.022887	
Amplification Peak  6 - CN values	7p11.2  	chr7:54701111-54836945(probes 49321:49327)      	chr7:54709753-54776848(probes 49322:49326)      	chr7:51311168-56438806(probes 49129:49360)      	2.0912e-50	 2.0912e-50		Actual Copy Change Given	0.057154	0.20186	0.35613	-0.0010069	0.03644	3.6569	-0.052681	0.098454	0.1147	0.14187	0.53682	0.14684	0.048328	0.054696	0.11013	0.026837	0.060529	0.030062	3.6569	0.71884	3.6569	2.299	-0.074784	0.25059	0.83635	-0.049404	3.6569	3.6569	0.31686	3.6569	3.6569	0.64756	0.55277	0.53301	1.176	0.47228	0.35474	0.51951	0.34543	0.30166	0.48287	-0.071923	1.168	0.82397	0.30762	3.6569	3.6569	0.027065	0.96016	3.6569	0.29342	3.6569	0.20129	0.15816	3.6569	0.44051	0.26304	0.081783	0.49663	0.52077	-0.018966	0.069033	3.6569	0.0025601	0.50315	3.6569	0.099375	0.3533	0.58091	0.41028	0.33124	0.3571	0.17706	3.6569	0.40845	0.043352	0.23648	3.0367	3.6569	0.70597	3.6569	0.81483	3.6569	3.6569	0.5561	0.12414	0.37486	3.6569	3.6569	0.080427	0.19185	0.59908	3.6569	0.096996	0.21254	0.048596	0.16723	0.73841	0.56446	0.12714	0.19843	0.43696	0.24342	0.44467	0.48623	
Amplification Peak  7 - CN values	7q31.2  	chr7:115813600-116971978(probes 51368:51422)  	chr7:115842622-116895488(probes 51369:51421)  	chr7:86266385-158545518(probes 50196:52860)    	2.5611e-06	 2.5611e-06		Actual Copy Change Given	0.057154	0.20186	0.35613	0.038677	0.03644	0.47276	0.58608	0.54474	0.1147	0.10743	0.5818	2.5234	0.048328	0.054696	0.087246	0.026837	0.65681	0.030062	0.075896	-0.66522	0.40116	0.20916	2.1971	0.25059	0.76315	-0.049404	1.0952	-0.1226	0.3206	0.5548	0.57165	0.64756	0.51666	0.53301	1.176	0.47228	0.3441	0.51951	0.34543	0.30166	0.48287	-0.03709	-0.32269	0.61717	0.30762	0.43714	0.4616	1.114	0.53081	1.1341	1.0559	0.32622	0.20129	0.15816	0.55818	0.38378	0.5111	0.045607	0.49663	0.52077	-0.018966	0.069033	0.79113	0.49541	0.50315	0.61272	0.41158	0.3533	0.58091	0.41028	0.3333	0.056966	0.20424	0.74436	0.40097	0.65646	3.6569	0.69308	0.22727	0.70597	0.68856	0.81483	0.52031	0.84397	0.5561	0.12414	0.37486	0.48823	0.5507	0.075661	0.88629	0.59908	0.52165	0.096996	2.0009	0.82169	0.13774	0.73841	0.44074	0.40122	0.19843	0.43696	0.24342	0.53478	0.46498	
Amplification Peak  8 - CN values	8q24.12 	chr8:94366868-146308819(probes 56564:58705)    	chr8:121997366-122018739(probes 57813:57819)  	chr8:98344024-146308819(probes 56724:58705)    	0.05552	    0.05552		Actual Copy Change Given	0.027121	-0.020906	0.18763	0.085776	0.38799	0.043234	0.60285	0.33937	0.064271	0.067123	0.012904	1.2513	0.041676	0.060249	0.084465	0.058643	0.04619	0.44701	0.014978	0.085454	0.080912	0.0024651	0.66471	-0.023413	0.09676	0.2896	0.18985	0.064472	-0.045215	0.035515	0.046319	0.048668	0.11698	-0.3705	0.044707	-0.32143	0.036705	2.3218	0.068281	-0.048226	0.064442	-0.013603	0.1096	-0.3245	0.00095822	0.0028984	0.014109	-0.59615	0.11101	0.08704	0.29669	0.011058	0.29753	0.15865	0.039602	0.0029215	0.26029	0.10681	-0.010815	0.06177	-0.044893	0.074438	0.02283	0.043176	0.027924	0.072292	0.05709	-0.21801	0.13283	0.038962	-0.0017854	0.033014	0.17835	0.036598	-0.0016182	0.028921	0.006994	0.028512	0.012667	0.104	-0.011481	0.027761	0.024762	0.12612	0.051406	0.16707	0.030304	0.030641	0.0086753	0.090455	-0.52171	0.13455	0.075671	0.10006	0.82882	0.045243	0.24656	0.19065	1.3249	0.077481	0.19083	0.045085	0.23126	1.0221	0.0043057	
Amplification Peak  9 - CN values	12p13.32	chr12:3410785-5549725(probes 72798:72918)        	chr12:3461851-5105591(probes 72799:72893)        	chr12:1-9899163(probes 72717:72974)                	0.00065464	  0.0010749		Actual Copy Change Given	0.32369	0.29627	0.46085	0.50805	-0.003891	-0.39383	-0.010795	-0.43204	1.3341	0.027541	-0.087659	0.11891	-0.0023198	0.037365	0.065343	0.019161	-0.031089	1.2479	0.010815	0.094033	-0.032537	0.019027	2.5457	-0.019506	0.070902	0.61469	-0.015461	-0.1451	-0.11204	0.026772	0.051829	0.12621	-0.094733	0.12535	-0.0017056	0.039378	0.026387	0.54583	0.06059	-0.0091324	0.062205	-0.013267	0.10987	0.36871	-0.002904	-0.010037	0.0060209	0.023858	0.11708	0.040159	-0.0070441	-0.017772	-0.1454	-0.35592	0.051199	0.41501	-0.52044	0.073671	0.0063092	0.16101	-0.025401	0.053148	0.0028186	0.045073	0.051485	0.053905	0.047273	0.082009	0.0851	0.0092533	0.0070235	0.0054556	0.18501	0.040003	0.036631	0.00093331	-0.0066128	0.007352	0.058941	0.10132	0.024516	0.01554	0.018695	0.10609	0.018935	0.17424	0.00011029	0.010609	-0.029772	-0.016993	0.80662	0.1253	0.0352	0.045668	0.20429	-0.003386	0.1223	0.087449	0.049087	0.068022	1.0526	0.027097	0.23325	3.6569	0.55563	
Amplification Peak 10 - CN values	12p12.1 	chr12:25105888-25537445(probes 73607:73632)    	chr12:25105914-25254043(probes 73608:73610)    	chr12:16577658-26738237(probes 73249:73706)    	0.026189	    0.05663		Actual Copy Change Given	0.32369	0.29627	0.46085	0.50805	-0.003891	3.6569	-0.010795	-0.028759	0.067714	0.027541	-0.087659	0.11891	-0.0023198	0.019292	0.065343	0.070378	-0.031089	0.52933	0.010815	0.094033	-0.032537	0.019027	0.3394	-0.019506	0.070902	0.16522	-0.043181	-0.091899	-0.11204	0.026772	-0.069085	-0.043904	-0.094733	0.12535	-0.0017056	0.024696	0.026387	0.54583	0.06059	-0.066474	0.062205	-0.016978	0.10987	0.098023	-0.002904	-0.010037	0.0060209	0.023858	0.11708	0.040159	-0.0070441	-0.017772	-0.1454	-0.37643	0.051199	0.24666	-0.52729	0.073671	0.0063092	0.054616	-0.025401	0.053148	0.0028186	0.045073	0.051485	0.053905	0.047273	0.082009	0.0851	0.034045	0.0070235	0.0032057	0.18501	0.040003	0.036631	0.00093331	-0.0042888	0.007352	-0.015593	0.10132	0.024516	0.01554	0.018695	0.1322	0.018935	0.17424	0.00011029	-0.0065945	-0.029772	0.064436	0.30054	0.14908	0.0352	0.045668	0.20429	0.18836	0.1223	0.087449	0.10555	0.068022	0.23613	0.027097	0.23325	3.6569	0.098108	
Amplification Peak 11 - CN values	12q14.1 	chr12:57214649-57283458(probes 74697:74712)    	chr12:57214880-57271995(probes 74698:74711)    	chr12:55820738-58049876(probes 74638:74732)    	0.010796	    0.02647		Actual Copy Change Given	-0.13758	-0.06938	-0.056287	0.069315	-0.003891	0.015504	-0.010795	0.38303	-0.07283	0.027541	-0.087659	0.11891	-0.0023198	0.019292	0.065343	0.070378	-0.031089	-0.0033282	0.010815	0.094033	-0.032537	0.019027	-0.058746	-0.019506	0.070902	-0.034047	-0.01183	-0.091899	-0.11204	0.026772	0.32717	-0.63903	-0.094733	0.12535	-0.019579	0.049296	0.026387	-0.010693	0.0099965	-0.066474	0.04999	-0.016978	0.10987	-0.051399	-0.002904	-0.010037	0.0060209	0.023858	0.11708	0.03893	-0.74386	-0.017772	0.64366	-0.37643	0.03907	0.20494	0.041752	0.073671	3.6569	0.054616	-0.025401	0.053148	0.0028186	0.0031349	0.051485	0.053905	0.047273	0.082009	0.0851	0.026947	0.0070235	0.0032057	0.18501	0.040003	0.00049595	0.00093331	-0.013468	-0.032323	-0.015593	0.10132	0.024516	0.01554	0.0041989	0.1322	0.018935	3.6569	0.00011029	-0.0065945	-0.026815	0.043959	1.0899	0.14768	0.0352	0.045668	0.20429	-0.0813	0.14851	0.087449	0.10555	0.068022	0.23613	0.027097	0.23325	0.093011	0.48955	
Amplification Peak 12 - CN values	12q14.3 	chr12:65150559-65279471(probes 74987:74989)    	chr12:65152027-65279428(probes 74988:74988)    	chr12:64930379-65398538(probes 74979:74997)    	0.017038	   0.059471		Actual Copy Change Given	-0.13758	-0.06938	-0.056287	0.069315	-0.003891	0.015504	-0.010795	0.38303	-0.07283	0.027541	-0.087659	0.11891	-0.0023198	0.019292	0.065343	0.070378	-0.031089	-0.0033282	0.010815	0.094033	-0.032537	0.019027	-0.058746	-0.019506	0.070902	-0.034047	-0.01183	-0.091899	-0.11204	0.026772	-0.047788	3.6569	-0.094733	0.12535	-0.019579	0.049296	0.026387	-0.010693	0.0099965	-0.066474	0.04999	-0.016978	0.10987	-0.051399	-0.002904	-0.010037	0.0060209	0.023858	0.11708	0.03893	3.6569	-0.017772	1.2066	-0.37643	0.03907	0.20494	0.041752	0.073671	-0.030824	0.054616	-0.025401	0.053148	0.0028186	0.0031349	0.051485	0.053905	0.047273	0.082009	0.0851	0.026947	0.0070235	0.0032057	0.18501	0.040003	-0.034258	0.012011	-0.013468	0.0012787	-0.015593	0.10132	0.024516	0.01554	0.0041989	0.1322	0.018935	0.15717	0.00011029	-0.0065945	-0.57404	0.043959	0.24852	0.14768	0.0352	0.045668	0.20429	-0.0813	0.14851	0.087449	0.10555	0.068022	0.10796	0.027097	0.23325	0.093011	0.41839	
Amplification Peak 13 - CN values	12q14.3 	chr12:65959920-66081139(probes 75052:75057)    	chr12:65960172-66072693(probes 75053:75056)    	chr12:65791499-66195832(probes 75039:75071)    	0.016079	   0.059428		Actual Copy Change Given	-0.13758	-0.3615	-0.056287	0.069315	-0.003891	0.015504	-0.010795	0.38303	-0.07283	0.027541	-0.087659	0.11891	-0.0023198	0.019292	0.065343	0.070378	-0.031089	0.020399	0.010815	0.094033	-0.032537	0.019027	-0.058746	-0.019506	0.070902	-0.034047	-0.01183	-0.091899	-0.11204	0.026772	-0.047788	-0.67328	-0.094733	0.12535	-0.019579	0.049296	0.026387	-0.010693	0.0099965	-0.066474	0.04999	-0.016978	0.10987	-0.051399	-0.002904	-0.010037	0.0060209	0.023858	0.11708	0.03893	3.6569	-0.017772	1.2066	-0.37643	0.03907	0.20494	0.041752	0.073671	-0.030824	0.054616	-0.025401	0.053148	0.0028186	0.0031349	0.051485	0.053905	0.047273	0.082009	0.0851	0.026947	0.0070235	0.0032057	0.18501	0.040003	-0.034258	0.012011	-0.013468	0.0012787	-0.015593	0.10132	0.024516	0.01554	0.0041989	0.1322	0.018935	0.15717	0.00011029	3.6569	0.012559	0.043959	0.24852	0.14768	0.0352	0.045668	0.20429	-0.0813	0.14851	0.087449	0.10555	0.068022	0.10796	0.027097	0.23325	0.093011	0.41839	
Amplification Peak 14 - CN values	12q15   	chr12:67295984-67693597(probes 75148:75155)    	chr12:67370394-67626635(probes 75149:75154)    	chr12:67370394-68258647(probes 75149:75176)    	7.1396e-06	 2.4479e-05		Actual Copy Change Given	-0.13758	-0.3615	-0.056287	0.069315	-0.003891	0.015504	-0.010795	0.38303	-0.07283	0.027541	-0.087659	0.12306	-0.0023198	0.019292	0.065343	0.070378	-0.031089	0.020399	0.010815	0.094033	-0.032537	0.019027	-0.058746	-0.019506	0.070902	-0.034047	-0.01183	-0.091899	-0.11204	0.026772	-0.047788	3.6569	-0.094733	0.12535	-0.019579	0.049296	0.026387	-0.010693	0.0099965	-0.066474	0.04999	-0.016978	0.10987	3.6569	-0.002904	-0.010037	0.0060209	0.023858	0.11708	0.03893	3.6569	-0.017772	1.2066	-0.37643	0.03907	0.20494	0.041752	0.073671	-0.011237	0.054616	-0.025401	0.053148	0.0028186	0.0031349	0.051485	0.053905	0.047273	0.082009	0.0851	0.026947	0.0070235	0.0032057	0.18501	0.040003	-0.034258	0.012011	-0.013468	0.0012787	-0.015593	0.10132	0.024516	0.01554	0.0041989	0.1322	0.018935	0.15717	0.00011029	3.6569	0.012559	0.043959	0.24852	0.14768	0.0352	0.045668	0.20429	-0.0813	0.14851	0.087449	0.10555	0.068022	0.10796	0.0043768	0.23325	0.093011	0.0036362	
Amplification Peak 15 - CN values	13q34   	chr13:106981425-108944377(probes 82207:82227)	chr13:106981786-108889413(probes 82208:82226)	chr13:106981786-109159217(probes 82208:82229)	0.16521	    0.16521		Actual Copy Change Given	0.04781	-0.32059	0.078454	0.037451	-0.021417	0.049457	-0.049246	0.39585	0.0046036	0.015674	-0.059971	0.031835	0.053004	0.057434	0.097055	0.076592	0.058643	-0.39886	0.038571	0.12361	0.078709	-0.13203	0.23601	-0.25756	0.12851	-0.072703	-0.024156	-0.058174	-0.093791	-0.055147	-0.16153	-0.0044951	-0.34067	0.057795	-0.016243	-0.36938	0.38218	0.36842	0.090463	2.6708	-0.52682	-0.01895	-0.1696	-0.2327	-0.04492	0.0062678	0.087831	-0.61646	-0.34871	0.057259	-0.14289	0.072849	0.019355	-0.36424	0.053881	-0.19584	-0.088637	-0.54026	0.005287	-0.0039799	0.50442	0.093148	0.032303	0.16301	0.030938	-0.47817	0.042638	-0.2708	-0.4614	0.022349	-0.0007623	0.04487	-0.39461	0.074269	0.14879	0.032853	-0.1625	0.064419	-0.028641	-0.0038651	-0.70268	0.06292	0.043849	-0.72042	0.053105	-0.47419	0.069615	-0.056128	-0.012888	0.10112	-0.51423	-0.41148	-0.48145	0.082554	-0.49177	-0.0025257	-0.3435	0.7431	0.1373	-0.41535	0.92604	0.041654	0.27387	-0.36789	0.48126	
Amplification Peak 16 - CN values	14q21.2 	chr14:42208323-42658987(probes 83396:83411)    	chr14:42209752-42641665(probes 83397:83410)    	chr14:42209752-42687824(probes 83397:83413)    	0.22254	    0.22254		Actual Copy Change Given	0.00083325	-0.36771	0.045135	0.062895	-0.17423	0.02108	0.29813	-0.073074	0.079888	-0.19081	-0.056836	0.15119	0.017622	0.038271	0.094199	-0.0010785	0.66492	0.04027	0.0013479	0.082419	-0.056107	0.0065027	-0.39984	0.20127	0.10541	0.14049	-0.037594	0.11976	-0.06141	0.052379	0.032936	0.010748	-0.33339	-0.12352	-0.68412	0.05617	0.01577	-0.04248	-0.4722	-0.50141	0.06029	-0.038556	0.068825	-0.086286	-0.029547	-0.015102	-0.0048121	0.034285	0.11907	0.0071722	-0.21845	-0.059671	-0.52524	-0.15511	0.0075545	0.10742	-0.1009	-0.55489	0.0038739	-0.52052	-0.0038877	-0.053954	0.054485	0.38525	-0.44521	0.077182	-0.24765	-0.23609	-0.46594	0.04674	0.019366	0.065642	-0.40055	0.05119	-0.20408	-0.65842	0.00051708	0.024419	-0.019181	-0.49789	0.049157	0.013907	0.020598	0.13989	0.022196	-0.43197	0.032512	3.6569	0.13156	0.055411	0.26191	-0.47741	0.0017751	-0.095402	-0.15909	0.0069761	0.069118	-0.54614	0.15068	0.071298	0.24786	0.034484	0.24263	0.085153	0.012719	
Amplification Peak 17 - CN values	17q21.33	chr17:49072814-49773931(probes 91677:91689)    	chr17:49072918-49743564(probes 91678:91688)    	chr17:46886139-64804659(probes 91660:92161)    	0.052746	    0.24467		Actual Copy Change Given	-0.048445	-0.0084519	0.045895	-0.06288	-0.072367	0.017158	0.014895	-0.10528	-0.012507	0.024737	-0.066651	1.0004	-0.037418	-0.012947	0.086006	0.0036809	-0.047814	-0.018883	-0.060349	0.026551	0.20472	-0.082295	-0.18371	-0.00090551	-0.0065473	-0.079048	-0.077179	0.27472	-0.066452	0.043031	0.036077	0.047716	0.24766	0.18743	-0.019719	0.027956	-0.011289	-0.046871	0.032572	0.18013	0.0090077	-0.010062	-0.15473	-0.16479	0.003392	-0.011483	-0.0075719	3.6569	-0.36938	0.034296	3.0053	-6.5113e-05	0.32934	-0.22238	0.0052868	0.015998	0.15588	0.09318	-0.012634	0.065288	0.016593	0.049175	-0.02938	-0.0097392	0.052034	0.022468	0.082455	0.097901	0.042406	0.011765	-0.30847	-0.022335	0.20101	0.01577	0.06438	0.58323	-0.032729	-0.072841	0.075716	0.08017	-0.092675	0.0022445	-0.016989	0.15992	-0.039733	0.12907	0.028708	-0.24515	-0.0052066	-0.00015121	0.2326	0.10746	0.23919	0.071097	0.14599	-0.036019	0.088661	-0.56649	-0.0026763	0.053169	0.18914	-0.025569	0.20179	0.1173	0.049733	
Amplification Peak 18 - CN values	17q22   	chr17:52931186-53337958(probes 91855:91877)    	chr17:52999260-53319987(probes 91856:91876)    	chr17:46886139-64804659(probes 91660:92161)    	0.014484	   0.061917		Actual Copy Change Given	-0.048445	-0.0084519	0.045895	-0.06288	-0.072367	0.017158	0.014895	-0.10528	-0.012507	0.024737	-0.066651	1.0004	-0.037418	-0.012947	0.086006	0.0036809	-0.047814	-0.018883	-0.060349	0.026551	0.20472	-0.082295	-0.18371	-0.00090551	-0.0065473	-0.079048	-0.077179	0.27472	-0.066452	0.043031	0.036077	0.047716	0.24766	0.18743	-0.019719	0.027956	0.0036713	-0.046871	0.032572	0.18013	0.0090077	-0.010062	-0.358	-0.16479	0.003392	-0.011483	-0.0075719	3.6569	-0.36938	0.034296	3.5877	-6.5113e-05	0.32934	-0.22238	0.0052868	0.015998	0.15588	0.09318	-0.012634	0.032123	0.016593	0.049175	-0.02938	-0.0097392	0.052034	0.022468	0.082455	0.097901	0.042406	0.011765	-0.30847	-0.022335	0.20101	0.01577	0.06438	0.58323	-0.032729	-0.072841	0.075716	0.08017	-0.092675	0.0022445	-0.016989	0.15992	-0.039733	0.12907	0.028708	-0.047967	-0.0052066	-0.00015121	0.2326	0.10746	0.23919	0.071097	-0.091785	0.0065783	0.088661	-0.56649	-0.0026763	0.053169	0.18914	-0.025569	0.20179	0.1173	0.645	
Deletion Peak  1 - CN values	1p36.31 	chr1:3596480-6442113(probes 24:85)                	chr1:5716993-6085767(probes 81:83)                	chr1:1-16000430(probes 1:224)                   	2.0107e-07	 2.0107e-07		Actual Copy Change Given	0.090659	-0.017145	0.25126	-0.072203	0.015736	0.049509	-0.010231	-0.11268	0.12228	-0.47963	-0.020248	-0.76932	0.047004	-0.6221	-0.66492	-0.64072	0.06586	0.057948	-0.21106	0.042571	-0.048336	-0.092393	-0.30484	-0.14841	-0.82077	-0.10077	-0.1469	-0.77848	0.27108	-0.50805	0.5364	0.036894	0.28875	-0.29638	0.17852	0.044421	0.033507	-0.046263	0.099259	0.30221	0.061384	-0.034589	-0.16672	0.99391	-0.0091925	-0.4122	-0.432	-0.47927	-0.3244	-0.30443	-0.11819	0.040628	0.38351	0.67637	0.056623	0.13924	-0.081793	0.10045	-0.013173	0.19624	-0.0032068	0.065856	-0.053486	-0.0061931	-0.40104	-0.60148	-0.19491	-0.22354	-0.47596	-0.0077881	0.014918	-0.090671	0.1847	0.048318	0.12735	-0.64724	0.0038763	-0.068819	0.17806	0.029886	-0.80948	-0.035454	0.042734	-0.65057	-0.48738	0.15581	-0.29219	-0.55307	-0.02728	-0.055792	-0.6139	0.089964	-0.088922	-0.40201	-0.11458	-0.0067918	0.19608	0.12278	-0.011616	0.11806	0.18567	-0.52366	-0.6475	0.1281	-0.40681	
Deletion Peak  2 - CN values	3q28    	chr3:191668437-194295640(probes 24123:24194)  	chr3:192219483-192610363(probes 24144:24145)  	chr3:192247054-192654625(probes 24145:24146)	0.21092	    0.21092		Actual Copy Change Given	-0.13324	-0.095084	0.26898	0.050625	0.035286	0.027692	-0.041064	-0.059554	-0.31003	0.07079	-0.044792	0.13446	-0.28178	0.090043	0.10846	0.028709	0.046712	-0.44891	0.076829	0.071396	-0.29335	-0.012501	-0.16231	0.07628	0.097138	-0.044569	0.0096396	0.30644	-0.057125	0.041763	0.061994	0.071039	0.0096308	-0.53599	0.051258	0.037999	0.025145	-0.05156	-0.0038474	-0.0080654	0.055085	0.45088	0.062178	-0.049004	-0.0046308	-0.034529	-0.00084459	0.030194	0.097258	0.035512	0.83126	-0.035994	0.20453	0.60998	0.011608	0.29687	0.2664	0.096058	-0.015632	0.20447	-1.2929	0.061596	-0.42498	0.11792	-0.43255	0.061039	-0.22708	0.082817	0.10282	0.052214	0.0014908	0.056248	0.17559	0.054052	-0.020271	0.065525	0.49326	0.028779	0.0034838	0.11536	0.017903	0.012955	0.02935	0.12481	-0.48079	0.16732	0.044335	0.40649	-0.08843	0.080677	0.20309	0.12529	0.46277	0.041847	0.20474	0.20396	0.11274	0.77396	-0.16543	0.092107	0.55596	0.042865	0.22931	0.08945	0.028418	
Deletion Peak  3 - CN values	4q35.2  	chr4:114003986-191731959(probes 28789:31851)  	chr4:187710980-188234022(probes 31797:31798)  	chr4:177930986-191731959(probes 31302:31851)	0.057158	   0.057158		Actual Copy Change Given	0.012711	0.19246	-0.32969	-0.56464	-0.07271	-0.011389	-0.017801	-0.039165	0.11561	-0.0059945	0.6119	0.12049	0.043396	0.022377	-0.095429	0.082547	-0.61453	0.015064	0.036706	-0.15086	0.034454	0.11196	-0.40186	-0.10577	0.098616	-0.047508	-0.00084157	-0.034747	-0.051868	0.049648	-0.052736	-0.02231	0.15785	0.47996	-0.06484	0.030894	0.047569	-0.6467	0.051427	0.0053718	-0.026905	-0.017582	-0.22552	0.22754	-0.047367	-0.010728	0.0093462	-0.61209	-0.34007	0.077971	-0.11939	-0.022039	-0.083246	-0.13692	0.091104	-0.20723	0.17572	0.11744	-0.011498	0.022808	0.46304	0.071554	0.0084921	-0.15999	0.047761	0.07179	0.047022	0.077885	0.10976	0.061772	-0.01586	0.060911	-0.56097	0.056474	-0.070171	0.031265	0.0017807	0.053854	-0.0074985	-0.030567	0.05307	0.037109	0.059017	0.14336	0.046712	0.15229	0.012118	-0.029255	0.15279	0.10001	-0.54492	0.16463	0.13454	0.081529	-0.22783	-0.0057526	0.037668	0.10133	-0.84359	0.056312	0.17347	0.036979	-0.67673	-0.37772	0.012462	
Deletion Peak  4 - CN values	6q24.3  	chr6:110808397-170914576(probes 44166:46759)  	chr6:147777792-147882071(probes 45897:45904)  	chr6:110899057-170914576(probes 44169:46759)	0.0034928	  0.0034661		Actual Copy Change Given	-0.07098	0.16672	0.045749	0.0048853	0.0032403	-0.011417	-0.027805	-0.52938	-0.019472	-0.038095	-0.087047	-0.78634	-0.39812	0.012792	0.051913	0.055788	0.034757	-0.010568	0.0021097	0.096011	-0.095961	-0.1408	-0.085632	-0.023659	0.044316	-0.02071	-0.029201	0.044654	-0.044466	-0.53382	-0.0056152	0.039845	-0.33495	-0.58327	-0.011235	0.054075	0.011897	-0.033198	0.085574	0.24575	0.062332	-0.03782	-0.22468	-1.1716	-0.018759	-0.0024141	0.026266	0.026529	-0.38171	-0.64975	-0.047312	0.039214	0.97932	-0.20725	-0.5348	0.061939	0.18979	0.062157	0.022612	0.050279	-0.76894	-0.66997	-0.46014	-0.059328	0.040365	0.074342	-0.19469	-0.20942	-0.47397	0.022966	0.020682	0.0033931	-0.40211	0.050029	0.017621	-0.01626	0.0052178	-0.014356	0.0069294	-0.50628	-0.028896	0.029018	-0.13958	0.1171	0.023702	-0.46007	-0.36271	-0.00026376	-0.095485	0.059198	-0.54975	-0.46584	0.017818	-0.015985	-0.15491	0.020095	0.09902	0.10386	-0.095158	0.045156	-0.66243	0.046006	0.22007	-0.38977	0.0039345	
Deletion Peak  5 - CN values	9p24.3  	chr9:1-2752720(probes 58706:58839)                 	chr9:508676-1022152(probes 58716:58734)             	chr9:1-34355356(probes 58706:60567)             	4.7823e-10	  0.0023661		Actual Copy Change Given	-0.041662	-0.089269	-0.024434	-0.54995	0.026101	-0.50396	-0.54892	-1.0079	-0.20396	-0.01779	-0.7823	-0.76705	-0.2928	0.059833	-0.58282	0.021922	-0.059	-0.41076	0.057373	0.050474	-0.021157	-0.12663	-0.97952	-0.027777	0.16337	-0.28892	-0.098892	0.025954	-0.096646	-0.50646	0.046343	0.00052525	0.31525	-0.10562	0.015139	0.042792	-0.30616	-0.6396	0.078349	-0.0003725	0.40805	-0.00046846	-0.5644	-0.058567	0.10647	-0.012589	0.032223	0.0022041	0.10597	-0.63987	0.24372	0.11869	0.30362	-0.13413	-0.56964	-0.0079942	-0.42166	0.10918	0.015427	0.076021	0.066831	-0.44273	0.036993	0.1433	-0.44193	-0.58348	-0.17074	-0.28366	-0.45797	-0.30211	0.044542	-0.25831	-0.39973	0.056444	-0.012778	-0.6382	0.014084	0.064868	-0.021077	-0.51201	-0.76415	-0.35336	-0.078789	-0.7405	0.0099066	-0.40476	0.038467	-0.54734	-0.6542	0.071872	-0.52834	-0.46016	-0.51586	0.034813	-0.41338	-0.35363	0.4005	0.11981	-1.2929	0.096766	0.81633	-0.43238	-0.60983	-0.39608	-0.99022	
Deletion Peak  6 - CN values	9p21.3  	chr9:21456646-21971582(probes 59843:59869)      	chr9:21791079-21971582(probes 59866:59869)      	chr9:1-34355356(probes 58706:60567)             	1.1541e-98	 9.9348e-97		Actual Copy Change Given	-0.041662	-0.089269	-0.024434	-0.37951	0.026101	-1.0881	-0.0043168	-1.2929	-0.29996	0.014041	-0.79651	-1.2929	-0.2928	0.059833	-0.58282	0.021922	0.096024	-0.32281	-0.86282	0.2652	0.16912	-0.12663	-0.92535	0.088992	0.10669	-0.16995	-0.38986	-1.2929	0.15447	-1.0592	0.046343	-0.72254	0.31525	0.16092	-1.2929	0.042792	-0.30922	-0.6396	0.071323	-0.0003725	-0.64232	-0.00046846	-1.2929	-0.058567	-0.19073	0.043133	-1.1825	-1.2929	0.24667	-1.2929	-0.20917	-0.46545	-1.2929	-0.13413	-1.2417	-0.90341	-1.2504	0.10918	0.015427	-0.50203	0.066831	-0.44273	-0.88161	0.12823	-0.87937	-1.2929	-0.010887	-0.28366	-1.1067	-0.61302	0.044542	-0.25831	-1.0651	-1.2929	-0.5587	-1.2929	-1.2929	-0.79169	-0.52257	-1.1638	-1.2105	-0.67943	-1.0507	-1.2929	-1.1057	-0.40476	-0.75553	-1.1789	-0.057834	-1.2929	-0.46594	-0.43968	-1.0765	0.034813	-0.16036	-0.11758	-1.1924	-0.65033	-1.2929	0.096766	-1.2929	-0.43238	-0.60983	-0.90655	-0.97045	
Deletion Peak  7 - CN values	10q23.31	chr10:89104579-89705918(probes 66291:66319)    	chr10:89183954-89422525(probes 66292:66296)    	chr10:81746918-135037215(probes 65958:68080)	1.3757e-09	 0.00032146		Actual Copy Change Given	0.0097234	-0.1178	0.034701	0.059343	0.074703	-0.48868	-0.0071927	-0.0862	-0.12875	0.036525	-0.10611	-0.34289	-0.042425	0.012476	0.050808	0.028591	-0.016473	0.0069696	-0.46371	-0.69859	-0.46383	-0.18849	-0.45329	-0.31737	-0.67939	0.011935	-0.69808	-0.64462	-0.081781	-0.51628	-0.62849	-0.69319	-0.38452	-0.55583	-0.65147	-0.39489	-0.28872	-0.018139	-0.92101	-0.39834	-0.54446	-0.017482	-0.21941	-0.29465	-0.16781	-0.52978	-0.52464	0.095055	-0.3406	-0.64581	-1.2929	-0.46266	0.3149	-0.19751	-0.56512	-0.30337	-0.49476	-0.5339	-0.57109	-0.48546	-0.022017	0.069865	-0.4351	-0.15344	-0.4521	-0.60384	-0.24962	-0.21041	-0.45656	-0.71682	-0.33772	-0.3058	-0.39473	-0.75875	-0.099443	-0.70031	-0.79104	-0.44627	-0.25412	-0.48193	-0.71292	-0.93732	-0.51077	-0.71143	-0.5174	-0.4378	-0.3834	-0.56798	-0.51034	-0.70518	0.27657	-0.44317	-0.47477	0.034062	-0.2315	-1.2929	-0.032723	-0.61201	-0.14068	0.031004	0.20309	0.036316	-0.62833	0.13946	-0.42157	
Deletion Peak  8 - CN values	10q23.31	chr10:90098989-90416488(probes 66344:66377)    	chr10:90243117-90416488(probes 66368:66377)    	chr10:81746918-135037215(probes 65958:68080)	1.9691e-08	   0.028069		Actual Copy Change Given	0.0097234	-0.1178	0.034701	0.059343	0.074703	-0.48868	-0.0071927	-0.0862	-0.12875	0.036525	-0.10611	-0.34289	-0.042425	0.012476	0.050808	0.028591	-0.016473	0.0069696	-0.46371	-0.69859	-0.52006	-0.18849	-0.45329	-0.31737	-0.67939	0.011935	-0.69808	-0.64462	-0.081781	-0.51628	-0.62849	-0.69319	-0.38452	-0.55583	-0.65147	-0.39489	-0.28872	-0.018139	-0.3785	-0.39834	-0.54446	-0.017482	-0.21941	-0.29465	-0.16781	-0.52978	-0.52464	0.095055	-0.3406	-0.64581	-1.2929	-0.46266	0.3149	-0.19751	-0.56512	-0.30337	-0.49476	-0.5339	-0.57109	-0.48546	-0.022017	0.069865	-0.4351	-0.15344	-0.4521	-0.60384	-0.24962	-0.21041	-0.45656	-0.71682	-0.33772	-0.3058	-0.39473	-0.75875	-0.099443	-0.70031	-1.2929	-0.44627	-0.25412	-0.48193	-0.71292	-0.93732	-0.51077	-0.71143	-0.5174	-0.4378	-0.3834	-0.56798	-0.9094	-0.70518	0.27657	-0.44317	-0.47477	0.034062	-0.2315	-1.2929	-0.032723	-0.61201	-0.14068	0.031004	0.20309	0.036316	-0.62833	0.13946	-0.42157	
Deletion Peak  9 - CN values	10q26.13	chr10:123995679-124282917(probes 67856:67869)	chr10:124113412-124282917(probes 67867:67869)	chr10:81746918-135037215(probes 65958:68080)	8.4461e-05	  0.0060084		Actual Copy Change Given	0.0097234	-0.29913	0.034701	0.00037154	0.074703	-0.48868	-0.0071927	-0.99036	-0.4365	0.036525	-0.10611	-0.35346	-0.042425	0.012476	0.050808	0.028591	-0.016473	0.0069696	-0.46371	-0.66789	-0.52006	-0.18849	-0.45329	-0.30321	-0.64748	0.011935	-0.69808	-0.64462	-0.081781	-0.51628	-0.62849	-0.69319	-0.38452	-0.53826	-0.65147	-0.39489	-0.28872	-0.018139	-0.28118	-0.303	-0.54446	-0.017482	-0.10567	-0.13141	-0.16781	-0.52978	-0.52464	0.095055	-0.3406	-0.55726	-0.22842	-0.37739	0.3149	-0.19751	-0.51847	-0.2029	-0.49476	-0.5339	-0.57109	-0.48546	-0.022017	0.069865	-0.4351	-0.15344	-0.4521	-0.60384	-0.24962	-0.21041	-0.53246	-0.32912	-0.33772	-0.3058	-0.39473	-0.75875	-0.099443	-0.009597	-0.80032	-0.44627	-0.25412	-0.50622	-0.71292	-0.39788	-0.51077	-0.71143	-0.5174	-0.4378	-0.3834	-0.56798	-0.60532	-0.70518	-0.51121	-0.44317	-0.47477	0.034062	-0.44227	-0.65646	-0.032723	-0.61201	-0.67546	-0.43525	0.20309	0.036316	-0.62118	0.13946	-0.42157	
Deletion Peak 10 - CN values	11p15.4 	chr11:1-12290873(probes 68081:68358)            	chr11:8226711-10672797(probes 68268:68311)      	chr11:1-12249398(probes 68081:68355)          	0.12438	    0.12154		Actual Copy Change Given	0.04427	-0.051992	0.015621	0.054956	-0.39704	0.0019354	-0.046913	0.31928	-0.28545	0.062202	-0.034182	-0.083687	0.022835	0.062971	0.10151	0.060549	-0.13601	-0.43118	0.025942	0.10165	-0.031437	0.017389	-0.14439	-0.011923	0.10922	0.019582	-0.016455	-0.15465	-0.042174	0.020196	-0.14215	0.050814	-0.24265	0.14808	0.04332	0.05064	0.022259	-0.0017707	-0.0027222	-0.20193	0.014133	-0.0066179	0.084773	-0.25205	-0.0030327	0.0038996	0.027765	0.061723	0.10689	0.035062	-0.15299	0.010196	0.10725	-0.33331	0.030076	-0.22212	-0.1058	0.080845	-0.022272	-0.22708	-0.065514	0.063492	0.0070545	-0.074909	0.021586	0.055559	0.038871	0.10862	0.092581	0.045358	-0.0021053	0.031961	0.10118	0.04985	0.037016	-0.6317	0.00028413	0.03594	0.012626	-0.4947	0.012664	-0.024108	0.040153	0.13879	0.040627	0.16076	0.033599	0.012215	-0.061412	0.072336	-0.55723	0.1401	0.054828	0.071934	0.22126	-0.69028	-0.19962	0.12713	-0.62839	-0.48315	-0.51572	-0.43696	0.24405	-0.35278	-0.48377	
Deletion Peak 11 - CN values	12p13.2 	chr12:10053264-14989798(probes 72996:73199)    	chr12:10741851-13091856(probes 73033:73105)    	chr12:10755472-11619603(probes 73035:73036)  	0.22915	    0.22924		Actual Copy Change Given	0.32369	0.29627	0.46085	0.50805	-0.003891	-0.39383	-0.010795	-0.43204	0.067714	0.027541	-0.087659	0.11891	-0.0023198	0.019292	0.065343	0.019161	-0.031089	1.2479	0.010815	0.094033	-0.032537	0.019027	-0.15719	-0.019506	0.070902	0.16522	-0.015461	-0.1451	-0.11204	0.026772	-0.069085	-0.72964	-0.094733	0.12535	-0.0017056	-0.29926	0.026387	0.54583	0.06059	-0.0091324	0.062205	-0.013267	0.10987	0.098023	-0.002904	-0.010037	0.0060209	0.023858	0.11708	0.040159	-0.0070441	-0.017772	-0.1454	-0.35592	0.051199	-0.28773	-0.52044	0.073671	0.0063092	0.038809	-0.025401	0.053148	0.0028186	0.045073	0.051485	0.053905	0.047273	0.082009	0.0851	0.0092533	0.0070235	0.0054556	0.18501	0.040003	0.036631	0.00093331	-0.0066128	0.007352	0.031388	0.10132	0.024516	0.01554	0.018695	0.10609	0.018935	0.17424	0.00011029	0.010609	-0.029772	-0.71976	0.20271	0.1253	0.0352	0.045668	0.20429	-0.003386	0.1223	0.087449	-0.6925	0.068022	0.1934	0.027097	0.23325	-0.40058	0.0038688	
Deletion Peak 12 - CN values	13q14.2 	chr13:46717642-46868174(probes 79110:79112)    	chr13:46717754-46868174(probes 79111:79112)    	chr13:27483730-99658273(probes 77983:81597)  	1.3757e-09	 1.3757e-09		Actual Copy Change Given	0.04781	-0.32059	-0.019161	0.037451	-0.006136	0.049457	-0.049246	0.35502	-0.19905	0.052757	-0.059971	0.1148	0.053004	0.036592	-0.37426	0.076592	0.058643	-0.41838	0.038571	-0.67835	-0.018256	-0.1728	-0.40902	-0.25756	-0.66433	-0.072703	-0.024156	-0.058174	-0.093791	-0.064911	-0.16153	-0.73568	-0.36294	0.0077128	-0.048322	-0.0060275	-0.29141	-0.72096	0.074609	-0.43507	-0.5301	-0.01895	-0.24437	-0.22234	-0.04492	0.0062678	0.021653	-0.61646	-0.34871	0.057259	-0.14289	0.049352	-0.022343	-0.36424	0.053881	-0.19837	-0.088637	-0.53609	0.005287	-0.0039799	-1.2929	0.062522	0.032303	-0.35091	0.030938	-0.60238	0.042638	-0.2708	-0.4614	-0.3231	-0.018277	0.041763	-0.39461	-0.76348	-0.2285	0.032853	-1.2929	-0.004336	-0.028641	-0.049812	-0.72524	0.029416	0.043849	-0.72042	0.027807	-0.45732	0.02191	0.058504	-0.049163	0.10112	-0.50101	-0.41148	-0.48145	0.014635	-0.49366	0.015958	-0.3435	-0.60454	-0.6093	-0.41535	-0.68152	0.041654	-0.64184	-0.3731	0.045942	
Deletion Peak 13 - CN values	14q24.3 	chr14:55083539-86424597(probes 84007:85443)    	chr14:75503933-76290354(probes 84827:84836)    	chr14:52597801-105311216(probes 83872:85919)	0.00072832	 0.00068872		Actual Copy Change Given	-0.51768	-0.36771	0.045135	0.024031	-0.17423	0.02108	-0.50085	-0.52362	-0.04055	-0.19081	-0.056836	0.036982	0.017622	0.038271	0.094199	-0.0010785	-0.64577	0.04027	0.0013479	0.082419	-0.10167	0.0065027	-0.5176	0.17384	0.13307	-0.15563	-0.037594	0.11976	0.088552	0.052379	0.032008	0.044707	-0.33339	-0.56284	-0.68412	0.05617	0.01577	-0.04248	-0.39851	0.024307	0.06029	-0.04741	0.096931	0.07405	-0.029547	-0.015102	-0.0048121	0.034285	0.11907	-0.66504	-0.21845	0.0011718	-0.52524	-0.15511	0.059356	-0.22948	-0.089723	-0.55489	0.0038739	-0.52052	-0.0038877	-0.7081	-0.043696	-0.44554	-0.018981	0.077182	-0.38484	-0.23609	-0.46594	0.04674	0.019366	-0.078523	-0.40055	0.041194	-0.13552	-0.65842	0.00051708	0.024419	0.00020495	-0.49789	-0.024112	0.013907	0.020598	0.12668	0.022196	-0.43815	0.032512	0.021766	-0.025801	0.055411	-0.54407	-0.47741	0.0017751	-0.11233	-0.15909	0.0069761	-0.10889	-0.54614	-0.052284	-0.42178	-0.65347	0.034484	0.24263	0.085153	-0.46393	
Deletion Peak 14 - CN values	15q21.2 	chr15:27817296-57116954(probes 86057:87469)    	chr15:50445127-50649317(probes 87005:87008)    	chr15:49543390-55049264(probes 86962:87318)  	0.062976	   0.063954		Actual Copy Change Given	0.027884	0.083502	0.016872	0.041654	0.031349	0.030571	-0.016578	0.28243	-0.2123	0.0087839	-0.053169	0.13455	-0.057907	0.029177	0.087141	-0.001134	0.00041055	0.013043	0.018638	0.034528	-0.24801	-0.019887	0.0097155	-0.10631	-0.68036	-0.51688	-0.043214	-0.14986	-0.11111	0.067372	-0.63075	0.041825	0.23886	0.1346	-0.05737	0.036692	0.013933	-0.040391	0.061058	0.08821	-0.42235	-0.029394	0.23772	-0.0050775	0.030557	0.0037037	0.030882	0.065127	0.10995	0.060119	-0.15814	0.028079	0.0046	-0.13178	0.048137	-0.20356	-0.51858	0.09906	-0.0020109	0.026596	0.020434	0.058019	0.00282	-0.020266	-0.026233	0.062153	-0.0049898	0.11493	0.04764	0.043729	0.022948	0.025496	0.16949	0.040302	0.028042	0.64697	0.0076864	-0.017724	-0.25061	0.12567	-0.030415	-0.025205	0.01134	0.11119	-0.27916	-0.31776	0.021069	-0.014329	0.003061	0.037898	0.11093	0.16212	-0.016618	0.0285	-0.93636	-0.046488	0.072595	-0.56644	0.11717	0.073188	-0.66749	-0.46498	0.23141	0.10793	0.016771	
Deletion Peak 15 - CN values	19q13.41	chr19:47046785-63811651(probes 96144:96315)    	chr19:55922303-57561089(probes 96237:96253)    	chr19:46822617-63811651(probes 96139:96315)  	0.01555	   0.015771		Actual Copy Change Given	-0.13346	-0.14855	0.084043	-0.18009	-0.092396	0.051484	0.12254	-0.548	-0.51656	-0.55663	-0.098435	-0.80736	-0.045165	-0.68523	-0.66765	-0.64949	-0.15321	0.0094209	0.17921	-0.010376	0.17767	-0.036693	0.068571	0.30332	-0.15581	-0.13837	0.35282	-0.1104	-0.1631	0.61578	-0.21532	-0.031208	0.13119	0.15389	-0.227	0.010702	0.044091	-0.073115	0.0085489	0.1755	-0.035781	-0.014958	0.077971	0.40611	0.038384	0.4795	0.065912	-0.10885	0.060297	-0.034324	0.18012	-0.010021	-0.60274	0.32069	-0.017876	-0.07264	-0.42437	0.10426	-0.083005	-0.012955	0.048215	-0.78213	-0.058552	-0.045875	-0.063914	0.51025	-0.38346	0.16299	-0.068441	0.011027	-0.012492	-0.046943	0.17041	-0.011439	0.13573	-0.085183	-0.049958	-0.12007	0.30982	-0.45212	-0.20694	-0.36986	0.44082	0.13757	-0.20206	0.12063	0.069432	0.35613	0.1754	-0.12146	-0.63571	0.072092	-0.028168	-0.39173	-0.54071	0.37304	0.087521	0.087401	-0.0073613	-0.4431	-0.72169	-0.56302	-0.67099	-0.32127	-0.037655	
Deletion Peak 16 - CN values	22q13.31	chr22:39207428-49396972(probes 100395:100561)  	chr22:46077006-46293625(probes 100495:100496)  	chr22:33737323-49396972(probes 100316:100561)	0.012431	   0.012431		Actual Copy Change Given	-0.055472	-0.5221	0.17471	-0.074397	-0.013085	0.088603	-0.034794	0.027956	-0.028445	0.21687	-0.039119	0.13916	-0.064082	-0.0062205	0.08477	-0.031604	-0.059352	-0.38249	-0.078778	-0.73347	-0.1676	-0.11232	-0.7067	-0.048198	0.018621	-0.094005	-0.098735	-0.02987	-0.18335	0.039819	-0.67167	0.092119	-0.33807	-0.50998	-0.69732	-0.002943	-0.31438	-0.040757	0.073311	0.13818	0.0083923	0.0081017	-0.52788	-0.071025	-0.14601	0.088814	0.079138	-0.56633	-0.38015	0.078357	-0.073042	0.064804	0.52271	-0.3822	0.063799	0.038869	0.17605	0.15083	0.031146	0.14184	-0.7796	0.0052339	-0.027692	-0.0059059	0.072683	-0.631	-0.34379	-0.19096	-0.49544	0.039775	-0.25116	-0.40658	-0.38654	-0.0013207	0.052515	-0.076723	0.0037339	-0.52804	0.1137	-0.48197	-0.82778	-0.011295	0.022528	-0.72161	-0.59181	-0.47083	0.04029	-0.12582	0.040157	-0.093042	-0.61057	-0.036272	-0.34309	0.058469	-0.075026	-0.13136	0.19164	0.14136	-0.69815	0.059897	0.28554	-0.4998	0.18165	0.10332	0.022531	
